459.9172039866204 244.1194565947361
163.4881493645844 134.03679472375157
201.93130022579948 47.36528733883105
413.43821727538426 432.6318319949538
494.2900330578706 243.67267055082053
175.35875009649376 100.09348109523991
329.5906979439911 436.4334244465268
124.95927240422905 273.0087904517993
84.31618262043517 425.0262024764258
230.33474459467652 114.99003713372986
58.173807639786965 495.8114869164125
378.13754754775454 336.7769485080208
412.39591019943833 167.81701427972374
87.31633255972355 404.5323081919069
30.114409601516513 285.7130133781101
45.165499061633255 414.1473118618274
246.73310242190493 181.31503498003843
267.5178520020043 135.41393436742456
327.81589313269785 329.3549009577449
421.66923357486957 419.5709673995199
79.06396659820963 62.30476629792447
61.289989303716766 135.22831726656514
319.9838153611562 14.256461890575778
145.19064538649806 100.5075485041495
266.06319136354557 149.14504566678687
408.32341097505844 227.5222820109029
317.46016387572797 295.44798737825397
168.1440712491543 141.74752212388893
222.39075835966955 498.6444464365346
256.59618397537355 237.95005322992108
205.14881672343736 120.53514665165221
265.74344449896404 261.24126228597646
155.3210310588583 449.8970179036131
402.0012510436047 389.3710925763541
385.8886420027094 5.930176874472726
412.8917166152737 280.04574143390226
494.39508285145934 353.94114805471713
342.1801459384469 195.71486005426758
415.7491524748528 356.7364914567249
144.43670175685563 438.46935742596503
175.72915354878188 261.93701507768986
476.5265177655746 128.25724278154766
93.11576592102588 68.52549384330841
347.4640507720096 375.23322051786636
102.90841818893942 399.4429140329204
80.79573547422042 160.9119691435877
11.941326276860064 315.40482540591097
409.45960934771085 57.23576746973219
47.03609629086919 70.94826167095091
206.6065123245282 237.84127419904783
